############################################################
# MADHAT (Model-Agnostic Dark Halo Analysis Tool) 
# Dark Matter Model File: dmtest
#
# mass: DM mass in GeV
# spectrum: photon energy spectrum integrated from 1 to 100 GeV
###########################################################
# mass (GeV)   spectrum (1-100 GeV)
10	0.06751019803888393
20	0.11048827045815585
30	0.1399367785958526
40	0.1628781532692572
50	0.1824272158660422
60	0.19887658658232185
70	0.21325927652516816
80	0.22612255700051664
90	0.23775171963504313
100	0.24854644918088134
110	0.25589247005349486
120	0.2620232420586535
130	0.26914656124989045
140	0.2769661267181475
150	0.2850721885792501
160	0.2928881634257858
170	0.30069244808182094
180	0.3087689985060216
190	0.31647597961449236
200	0.32444428121595836
210	0.33225080578887534
220	0.34030568003133455
230	0.34784056826908943
240	0.3555955719453585
250	0.36279365784276035
260	0.37017246663229436
270	0.3775610084426777
280	0.3851406393833112
290	0.3922573878387444
300	0.3995511395788794
310	0.40642908689842616
320	0.4134402233004044
330	0.42059163021953805
340	0.42721389763783774
350	0.43395520680330724
360	0.44082123310449545
370	0.4474400320144149
380	0.4541645408080901
390	0.4609993430187122
400	0.46794821429075
410	0.47410265042965516
420	0.48034335145702706
430	0.48666932870867985
440	0.49308756389468994
450	0.4995961641947419
460	0.5056245881836298
470	0.5117189751338922
480	0.5178805521861378
490	0.5241114850446259
500	0.5304141712261033