############################################################
# MADHAT (Model-Agnostic Dark Halo Analysis Tool) 
# Dark Matter Model File: dmtest
#
# mass: DM mass in GeV
# spectrum: photon energy spectrum integrated from 1 to 100 GeV
###########################################################
# mass (GeV)   spectrum (1-100 GeV)
10	1.0265111653199244
20	1.5247856071553136
30	1.7633716584455268
40	1.904636598007866
50	2.002437647267255
60	2.0728158423039797
70	2.1274814107265034
80	2.169602986806387
90	2.20466569475129
100	2.2330651602503724
110	2.255967077802688
120	2.2730757915716495
130	2.290124218182028
140	2.3046669087091316
150	2.316831641132007
160	2.322889134054461
170	2.330497165278043
180	2.336394399709029
190	2.3400179020911325
200	2.3424065967002607
210	2.3430102874550296
220	2.3425824557110535
230	2.3409926353564523
240	2.3386995525820535
250	2.3342919811080454
260	2.3294223797109193
270	2.3252508599538646
280	2.3207332980835953
290	2.315189546928374
300	2.3095047448569854
310	2.302937987955972
320	2.2962554524966095
330	2.289489973182589
340	2.28243846482397
350	2.2754117718903375
360	2.268406412188982
370	2.2612944150368026
380	2.2542358372870037
390	2.2472956591046165
400	2.24047858834354
410	2.2325350025708826
420	2.2247046937715322
430	2.2169989575385847
440	2.2094656038792677
450	2.2021159868381135
460	2.194721046334254
470	2.187480222777737
480	2.180388336278443
490	2.1734512995337254
500	2.1666878834011154